292 33 255 255 51 25
287 33 255 255 51 25
285 33 255 255 51 25
282 33 255 255 51 25
280 33 255 255 51 25
278 33 255 255 51 25
276 33 255 255 51 25
275 33 255 255 51 25
273 33 255 255 51 25
272 33 255 255 51 25
270 33 255 255 51 25
269 33 255 255 51 25
267 31 255 255 51 25
266 31 255 255 51 25
265 31 255 255 51 25
264 31 255 255 51 25
263 31 255 255 51 25
262 33 255 255 51 25
259 36 255 255 51 25
257 38 255 255 51 25
256 39 255 255 51 25
254 41 255 255 51 25
253 42 255 255 51 25
252 44 255 255 51 25
252 46 255 255 51 25
252 48 255 255 51 25
251 48 255 255 51 25
251 49 255 255 51 25
250 51 255 255 51 25
250 53 255 255 51 25
250 54 255 255 51 25
250 55 255 255 51 25
250 57 255 255 51 25
250 58 255 255 51 25
250 60 255 255 51 25
250 61 255 255 51 25
250 63 255 255 51 25
250 65 255 255 51 25
250 66 255 255 51 25
251 66 255 255 51 25
251 68 255 255 51 25
252 68 255 255 51 25
254 70 255 255 51 25
255 70 255 255 51 25
256 70 255 255 51 25
257 70 255 255 51 25
260 70 255 255 51 25
263 70 255 255 51 25
268 70 255 255 51 25
272 70 255 255 51 25
275 70 255 255 51 25
279 69 255 255 51 25
282 69 255 255 51 25
285 67 255 255 51 25
287 66 255 255 51 25
288 64 255 255 51 25
290 64 255 255 51 25
290 63 255 255 51 25
291 62 255 255 51 25
291 61 255 255 51 25
291 60 255 255 51 25
293 59 255 255 51 25
293 58 255 255 51 25
293 57 255 255 51 25
293 56 255 255 51 25
293 54 255 255 51 25
293 53 255 255 51 25
293 51 255 255 51 25
293 50 255 255 51 25
292 47 255 255 51 25
292 46 255 255 51 25
290 45 255 255 51 25
289 44 255 255 51 25
288 44 255 255 51 25
287 44 255 255 51 25
285 44 255 255 51 25
284 44 255 255 51 25
282 44 255 255 51 25
281 44 255 255 51 25
280 44 255 255 51 25
278 44 255 255 51 25
276 44 255 255 51 25
274 45 255 255 51 25
273 46 255 255 51 25
271 47 255 255 51 25
270 48 255 255 51 25
270 50 255 255 51 25
270 52 255 255 51 25
269 53 255 255 51 25
268 54 255 255 51 25
268 55 255 255 51 25
268 56 255 255 51 25
268 57 255 255 51 25
268 59 255 255 51 25
268 60 255 255 51 25
268 61 255 255 51 25
268 63 255 255 51 25
269 64 255 255 51 25
269 65 255 255 51 25
270 66 255 255 51 25
271 67 255 255 51 25
273 67 255 255 51 25
274 67 255 255 51 25
276 68 255 255 51 25
277 68 255 255 51 25
280 68 255 255 51 25
283 68 255 255 51 25
285 68 255 255 51 25
287 68 255 255 51 25
288 68 255 255 51 25
289 68 255 255 51 25
290 68 255 255 51 25
291 67 255 255 51 25
291 66 255 255 51 25
292 63 255 255 51 25
293 63 255 255 51 25
293 61 255 255 51 25
293 60 255 255 51 25
294 58 255 255 51 25
294 57 255 255 51 25
295 55 255 255 51 25
295 52 255 255 51 25
295 50 255 255 51 25
295 49 255 255 51 25
295 46 255 255 51 25
295 44 255 255 51 25
295 43 255 255 51 25
295 42 255 255 51 25
295 40 255 255 51 25
295 38 255 255 51 25
295 36 255 255 51 25
295 34 255 255 51 25
295 33 255 255 51 25
295 32 255 255 51 25
295 31 255 255 51 25
295 30 255 255 51 25
294 29 255 255 51 25
293 29 255 255 51 25
293 28 255 255 51 25
292 27 255 255 51 25
291 27 255 255 51 25
288 27 255 255 51 25
286 27 255 255 51 25
283 27 255 255 51 25
280 27 255 255 51 25
279 27 255 255 51 25
277 27 255 255 51 25
276 27 255 255 51 25
274 27 255 255 51 25
272 27 255 255 51 25
271 27 255 255 51 25
270 27 255 255 51 25
269 27 255 255 51 25
268 27 255 255 51 25
267 28 255 255 51 25
265 30 255 255 51 25
263 31 255 255 51 25
262 33 255 255 51 25
262 34 255 255 51 25
260 35 255 255 51 25
260 36 255 255 51 25
258 37 255 255 51 25
257 39 255 255 51 25
256 39 255 255 51 25
256 40 255 255 51 25
255 40 255 255 51 25
254 42 255 255 51 25
253 43 255 255 51 25
253 45 255 255 51 25
251 47 255 255 51 25
250 50 255 255 51 25
250 51 255 255 51 25
250 52 255 255 51 25
250 54 255 255 51 25
249 56 255 255 51 25
248 57 255 255 51 25
248 58 255 255 51 25
248 59 255 255 51 25
248 61 255 255 51 25
247 62 255 255 51 25
247 64 255 255 51 25
247 66 255 255 51 25
247 67 255 255 51 25
247 69 255 255 51 25
247 71 255 255 51 25
247 73 255 255 51 25
247 74 255 255 51 25
247 76 255 255 51 25
247 77 255 255 51 25
247 80 255 255 51 25
247 81 255 255 51 25
247 83 255 255 51 25
247 84 255 255 51 25
247 85 255 255 51 25
248 87 255 255 51 25
250 89 255 255 51 25
251 90 255 255 51 25
253 92 255 255 51 25
255 94 255 255 51 25
257 95 255 255 51 25
259 96 255 255 51 25
260 97 255 255 51 25
263 98 255 255 51 25
265 98 255 255 51 25
270 99 255 255 51 25
272 99 255 255 51 25
277 99 255 255 51 25
280 99 255 255 51 25
285 99 255 255 51 25
289 99 255 255 51 25
292 99 255 255 51 25
295 99 255 255 51 25
296 99 255 255 51 25
298 99 255 255 51 25
299 99 255 255 51 25
301 98 255 255 51 25
302 97 255 255 51 25
302 96 255 255 51 25
303 95 255 255 51 25
304 94 255 255 51 25
304 92 255 255 51 25
305 90 255 255 51 25
305 89 255 255 51 25
306 87 255 255 51 25
306 85 255 255 51 25
306 84 255 255 51 25
306 82 255 255 51 25
307 81 255 255 51 25
307 78 255 255 51 25
307 77 255 255 51 25
307 75 255 255 51 25
307 74 255 255 51 25
307 72 255 255 51 25
307 71 255 255 51 25
307 68 255 255 51 25
307 65 255 255 51 25
307 63 255 255 51 25
307 61 255 255 51 25
307 60 255 255 51 25
307 58 255 255 51 25
307 56 255 255 51 25
307 53 255 255 51 25
307 51 255 255 51 25
307 49 255 255 51 25
307 46 255 255 51 25
306 43 255 255 51 25
306 42 255 255 51 25
305 39 255 255 51 25
305 38 255 255 51 25
305 35 255 255 51 25
304 33 255 255 51 25
303 31 255 255 51 25
302 31 255 255 51 25
302 30 255 255 51 25
301 29 255 255 51 25
300 28 255 255 51 25
299 28 255 255 51 25
297 26 255 255 51 25
295 26 255 255 51 25
293 25 255 255 51 25
292 24 255 255 51 25
290 24 255 255 51 25
288 23 255 255 51 25
286 23 255 255 51 25
283 23 255 255 51 25
281 23 255 255 51 25
278 23 255 255 51 25
275 23 255 255 51 25
274 23 255 255 51 25
273 23 255 255 51 25
272 23 255 255 51 25
271 23 255 255 51 25
269 23 255 255 51 25
268 23 255 255 51 25
267 24 255 255 51 25
265 25 255 255 51 25
264 26 255 255 51 25
263 26 255 255 51 25
262 27 255 255 51 25
261 28 255 255 51 25
259 30 255 255 51 25
257 32 255 255 51 25
255 34 255 255 51 25
253 36 255 255 51 25
252 37 255 255 51 25
252 39 255 255 51 25
251 39 255 255 51 25
250 41 255 255 51 25
249 42 255 255 51 25
248 44 255 255 51 25
247 45 255 255 51 25
247 46 255 255 51 25
246 47 255 255 51 25
245 49 255 255 51 25
245 51 255 255 51 25
244 52 255 255 51 25
243 53 255 255 51 25
243 54 255 255 51 25
242 56 255 255 51 25
242 58 255 255 51 25
242 60 255 255 51 25
242 61 255 255 51 25
242 63 255 255 51 25
242 64 255 255 51 25
242 66 255 255 51 25
242 67 255 255 51 25
242 68 255 255 51 25
242 69 255 255 51 25
242 70 255 255 51 25
242 71 255 255 51 25
243 72 255 255 51 25
244 73 255 255 51 25
244 74 255 255 51 25
246 76 255 255 51 25
248 76 255 255 51 25
249 77 255 255 51 25
252 78 255 255 51 25
254 79 255 255 51 25
255 79 255 255 51 25
257 80 255 255 51 25
260 81 255 255 51 25
263 81 255 255 51 25
265 81 255 255 51 25
268 81 255 255 51 25
270 81 255 255 51 25
272 83 255 255 51 25
273 83 255 255 51 25
274 83 255 255 51 25
275 83 255 255 51 25
277 84 255 255 51 25
278 85 255 255 51 25
279 86 255 255 51 25
280 86 255 255 51 25
280 87 255 255 51 25
281 87 255 255 51 25
281 88 255 255 51 25
281 89 255 255 51 25
283 90 255 255 51 25
287 92 255 255 51 25
291 92 255 255 51 25
295 92 255 255 51 25
299 92 255 255 51 25
302 92 255 255 51 25
304 92 255 255 51 25
306 92 255 255 51 25
259 37 255 255 51 10
258 37 255 255 51 10
257 36 255 255 51 10
255 35 255 255 51 10
254 35 255 255 51 10
253 34 255 255 51 10
251 32 255 255 51 10
249 31 255 255 51 10
248 31 255 255 51 10
246 29 255 255 51 10
244 29 255 255 51 10
244 28 255 255 51 10
242 28 255 255 51 10
241 27 255 255 51 10
241 26 255 255 51 10
240 26 255 255 51 10
240 25 255 255 51 10
238 25 255 255 51 10
237 23 255 255 51 10
236 23 255 255 51 10
236 22 255 255 51 10
235 21 255 255 51 10
234 21 255 255 51 10
232 20 255 255 51 10
231 19 255 255 51 10
230 19 255 255 51 10
229 19 255 255 51 10
228 19 255 255 51 10
227 19 255 255 51 10
227 18 255 255 51 10
225 18 255 255 51 10
223 17 255 255 51 10
242 52 255 255 51 10
241 52 255 255 51 10
239 52 255 255 51 10
237 52 255 255 51 10
236 52 255 255 51 10
235 52 255 255 51 10
234 51 255 255 51 10
233 51 255 255 51 10
231 51 255 255 51 10
231 50 255 255 51 10
229 49 255 255 51 10
228 49 255 255 51 10
227 49 255 255 51 10
226 49 255 255 51 10
224 49 255 255 51 10
224 48 255 255 51 10
222 48 255 255 51 10
221 48 255 255 51 10
220 47 255 255 51 10
218 46 255 255 51 10
243 85 255 255 51 10
242 85 255 255 51 10
241 85 255 255 51 10
239 85 255 255 51 10
236 85 255 255 51 10
235 85 255 255 51 10
233 85 255 255 51 10
232 85 255 255 51 10
230 85 255 255 51 10
228 85 255 255 51 10
227 85 255 255 51 10
226 85 255 255 51 10
225 85 255 255 51 10
224 85 255 255 51 10
223 85 255 255 51 10
222 85 255 255 51 10
221 85 255 255 51 10
220 85 255 255 51 10
258 118 255 255 51 10
257 119 255 255 51 10
256 120 255 255 51 10
256 121 255 255 51 10
254 122 255 255 51 10
253 123 255 255 51 10
253 124 255 255 51 10
251 125 255 255 51 10
250 127 255 255 51 10
249 128 255 255 51 10
249 129 255 255 51 10
248 131 255 255 51 10
247 132 255 255 51 10
318 122 255 255 51 10
318 123 255 255 51 10
319 124 255 255 51 10
320 124 255 255 51 10
321 125 255 255 51 10
322 125 255 255 51 10
333 92 255 255 51 10
333 90 255 255 51 10
333 88 255 255 51 10
335 86 255 255 51 10
336 85 255 255 51 10
339 83 255 255 51 10
340 83 255 255 51 10
341 81 255 255 51 10
342 79 255 255 51 10
343 78 255 255 51 10
343 77 255 255 51 10
331 48 255 255 51 10
331 47 255 255 51 10
331 44 255 255 51 10
333 40 255 255 51 10
334 40 255 255 51 10
335 37 255 255 51 10
336 37 255 255 51 10
336 36 255 255 51 10
336 35 255 255 51 10
336 34 255 255 51 10
337 33 255 255 51 10
312 27 255 255 51 10
312 25 255 255 51 10
312 23 255 255 51 10
313 20 255 255 51 10
315 19 255 255 51 10
273 52 0 0 0 10
308 54 0 0 0 10
271 98 0 0 0 10
273 96 0 0 0 10
273 95 0 0 0 10
274 94 0 0 0 10
274 93 0 0 0 10
275 93 0 0 0 10
276 91 0 0 0 10
277 91 0 0 0 10
277 90 0 0 0 10
278 90 0 0 0 10
280 88 0 0 0 10
282 88 0 0 0 10
282 87 0 0 0 10
283 87 0 0 0 10
285 85 0 0 0 10
287 85 0 0 0 10
287 84 0 0 0 10
288 84 0 0 0 10
289 84 0 0 0 10
290 84 0 0 0 10
291 84 0 0 0 10
292 84 0 0 0 10
294 84 0 0 0 10
295 84 0 0 0 10
296 84 0 0 0 10
298 84 0 0 0 10
300 85 0 0 0 10
302 85 0 0 0 10
303 86 0 0 0 10
304 87 0 0 0 10
305 88 0 0 0 10
306 89 0 0 0 10
307 90 0 0 0 10
308 91 0 0 0 10
