48 456 51 51 0 10
49 456 51 51 0 10
52 454 51 51 0 10
55 453 51 51 0 10
58 452 51 51 0 10
61 451 51 51 0 10
63 450 51 51 0 10
66 449 51 51 0 10
70 446 51 51 0 10
72 445 51 51 0 10
74 443 51 51 0 10
77 441 51 51 0 10
77 439 51 51 0 10
79 438 51 51 0 10
79 437 51 51 0 10
79 435 51 51 0 10
80 434 51 51 0 10
81 433 51 51 0 10
81 432 51 51 0 10
82 430 51 51 0 10
82 429 51 51 0 10
83 427 51 51 0 10
83 426 51 51 0 10
83 425 51 51 0 10
84 423 51 51 0 10
84 422 51 51 0 10
84 421 51 51 0 10
84 419 51 51 0 10
85 416 51 51 0 10
85 414 51 51 0 10
85 412 51 51 0 10
86 410 51 51 0 10
86 407 51 51 0 10
86 404 51 51 0 10
86 402 51 51 0 10
86 399 51 51 0 10
87 396 51 51 0 10
87 393 51 51 0 10
87 390 51 51 0 10
87 387 51 51 0 10
87 385 51 51 0 10
87 382 51 51 0 10
87 379 51 51 0 10
87 377 51 51 0 10
87 375 51 51 0 10
87 373 51 51 0 10
87 372 51 51 0 10
87 370 51 51 0 10
87 368 51 51 0 10
87 366 51 51 0 10
87 364 51 51 0 10
87 363 51 51 0 10
87 361 51 51 0 10
87 359 51 51 0 10
87 356 51 51 0 10
87 354 51 51 0 10
87 352 51 51 0 10
87 350 51 51 0 10
87 348 51 51 0 10
87 347 51 51 0 10
87 344 51 51 0 10
87 342 51 51 0 10
87 341 51 51 0 10
86 339 51 51 0 10
86 337 51 51 0 10
86 335 51 51 0 10
86 334 51 51 0 10
86 333 51 51 0 10
86 331 51 51 0 10
86 329 51 51 0 10
86 328 51 51 0 10
86 327 51 51 0 10
85 325 51 51 0 10
85 323 51 51 0 10
85 321 51 51 0 10
85 319 51 51 0 10
85 317 51 51 0 10
85 315 51 51 0 10
85 314 51 51 0 10
84 313 51 51 0 10
84 311 51 51 0 10
84 309 51 51 0 10
83 308 51 51 0 10
83 307 51 51 0 10
83 305 51 51 0 10
83 303 51 51 0 10
83 302 51 51 0 10
82 301 51 51 0 10
82 300 51 51 0 10
82 299 51 51 0 10
82 298 51 51 0 10
81 297 51 51 0 10
81 296 51 51 0 10
81 295 51 51 0 10
81 293 51 51 0 10
80 293 51 51 0 10
80 292 51 51 0 10
80 291 51 51 0 10
80 290 51 51 0 10
80 289 51 51 0 10
80 288 51 51 0 10
80 287 51 51 0 10
80 286 51 51 0 10
80 285 51 51 0 10
80 284 51 51 0 10
80 283 51 51 0 10
80 282 51 51 0 10
80 281 51 51 0 10
80 280 51 51 0 10
80 279 51 51 0 10
80 278 51 51 0 10
80 277 51 51 0 10
80 276 51 51 0 10
80 275 51 51 0 10
170 453 51 51 0 10
168 452 51 51 0 10
167 450 51 51 0 10
165 448 51 51 0 10
162 446 51 51 0 10
159 443 51 51 0 10
157 441 51 51 0 10
154 438 51 51 0 10
151 434 51 51 0 10
150 431 51 51 0 10
147 428 51 51 0 10
144 424 51 51 0 10
143 421 51 51 0 10
140 417 51 51 0 10
138 413 51 51 0 10
137 409 51 51 0 10
135 406 51 51 0 10
134 403 51 51 0 10
133 400 51 51 0 10
132 397 51 51 0 10
130 393 51 51 0 10
129 389 51 51 0 10
128 386 51 51 0 10
127 383 51 51 0 10
126 380 51 51 0 10
125 376 51 51 0 10
124 374 51 51 0 10
123 371 51 51 0 10
122 369 51 51 0 10
122 367 51 51 0 10
121 364 51 51 0 10
121 362 51 51 0 10
121 361 51 51 0 10
119 359 51 51 0 10
119 356 51 51 0 10
119 354 51 51 0 10
119 351 51 51 0 10
119 349 51 51 0 10
119 346 51 51 0 10
119 345 51 51 0 10
118 343 51 51 0 10
118 341 51 51 0 10
118 336 51 51 0 10
118 335 51 51 0 10
118 334 51 51 0 10
118 332 51 51 0 10
118 330 51 51 0 10
118 328 51 51 0 10
118 327 51 51 0 10
118 326 51 51 0 10
118 324 51 51 0 10
118 323 51 51 0 10
118 322 51 51 0 10
118 321 51 51 0 10
118 320 51 51 0 10
118 319 51 51 0 10
118 317 51 51 0 10
118 316 51 51 0 10
118 315 51 51 0 10
118 313 51 51 0 10
119 311 51 51 0 10
119 309 51 51 0 10
119 308 51 51 0 10
120 307 51 51 0 10
120 306 51 51 0 10
120 305 51 51 0 10
120 303 51 51 0 10
120 302 51 51 0 10
120 301 51 51 0 10
121 300 51 51 0 10
121 299 51 51 0 10
121 298 51 51 0 10
121 297 51 51 0 10
121 296 51 51 0 10
121 294 51 51 0 10
121 293 51 51 0 10
121 291 51 51 0 10
121 290 51 51 0 10
121 289 51 51 0 10
121 288 51 51 0 10
122 288 51 51 0 10
122 287 51 51 0 10
122 286 51 51 0 10
122 285 51 51 0 10
122 284 51 51 0 10
122 283 51 51 0 10
122 282 51 51 0 10
122 281 51 51 0 10
122 280 51 51 0 10
122 279 51 51 0 10
122 278 51 51 0 10
122 277 51 51 0 10
123 276 51 51 0 10
123 275 51 51 0 10
93 286 51 51 0 10
94 286 51 51 0 10
96 288 51 51 0 10
99 289 51 51 0 10
100 290 51 51 0 10
102 291 51 51 0 10
103 292 51 51 0 10
103 293 51 51 0 10
103 294 51 51 0 10
103 296 51 51 0 10
103 297 51 51 0 10
103 298 51 51 0 10
102 299 51 51 0 10
102 300 51 51 0 10
101 301 51 51 0 10
101 302 51 51 0 10
100 303 51 51 0 10
99 303 51 51 0 10
99 305 51 51 0 10
98 305 51 51 0 10
98 306 51 51 0 10
97 306 51 51 0 10
97 307 51 51 0 10
97 308 51 51 0 10
97 309 51 51 0 10
99 309 51 51 0 10
101 310 51 51 0 10
103 312 51 51 0 10
104 312 51 51 0 10
106 313 51 51 0 10
106 314 51 51 0 10
108 314 51 51 0 10
108 315 51 51 0 10
109 316 51 51 0 10
110 317 51 51 0 10
110 318 51 51 0 10
110 319 51 51 0 10
110 320 51 51 0 10
110 321 51 51 0 10
109 323 51 51 0 10
108 324 51 51 0 10
106 325 51 51 0 10
105 326 51 51 0 10
104 327 51 51 0 10
103 329 51 51 0 10
102 329 51 51 0 10
102 330 51 51 0 10
102 331 51 51 0 10
101 331 51 51 0 10
101 332 51 51 0 10
101 333 51 51 0 10
101 334 51 51 0 10
101 335 51 51 0 10
102 337 51 51 0 10
103 338 51 51 0 10
105 339 51 51 0 10
107 341 51 51 0 10
109 343 51 51 0 10
111 344 51 51 0 10
112 345 51 51 0 10
113 346 51 51 0 10
113 347 51 51 0 10
113 348 51 51 0 10
113 349 51 51 0 10
112 351 51 51 0 10
112 352 51 51 0 10
110 353 51 51 0 10
109 355 51 51 0 10
107 356 51 51 0 10
105 356 51 51 0 10
104 359 51 51 0 10
103 359 51 51 0 10
102 360 51 51 0 10
101 361 51 51 0 10
101 362 51 51 0 10
100 362 51 51 0 10
100 363 51 51 0 10
100 364 51 51 0 10
100 365 51 51 0 10
101 366 51 51 0 10
102 368 51 51 0 10
104 369 51 51 0 10
107 372 51 51 0 10
109 373 51 51 0 10
111 375 51 51 0 10
112 376 51 51 0 10
115 378 51 51 0 10
116 379 51 51 0 10
117 380 51 51 0 10
117 382 51 51 0 10
117 383 51 51 0 10
117 384 51 51 0 10
117 385 51 51 0 10
117 386 51 51 0 10
116 388 51 51 0 10
115 389 51 51 0 10
114 390 51 51 0 10
112 392 51 51 0 10
111 394 51 51 0 10
109 396 51 51 0 10
107 399 51 51 0 10
107 401 51 51 0 10
106 402 51 51 0 10
105 403 51 51 0 10
105 404 51 51 0 10
105 405 51 51 0 10
105 406 51 51 0 10
105 407 51 51 0 10
105 408 51 51 0 10
105 409 51 51 0 10
105 410 51 51 0 10
105 411 51 51 0 10
107 413 51 51 0 10
108 414 51 51 0 10
109 415 51 51 0 10
111 417 51 51 0 10
111 418 51 51 0 10
111 419 51 51 0 10
111 420 51 51 0 10
111 421 51 51 0 10
111 422 51 51 0 10
110 423 51 51 0 10
109 424 51 51 0 10
108 425 51 51 0 10
106 427 51 51 0 10
104 428 51 51 0 10
101 429 51 51 0 10
98 432 51 51 0 10
94 432 51 51 0 10
91 434 51 51 0 10
89 436 51 51 0 10
86 436 51 51 0 10
85 437 51 51 0 10
84 438 51 51 0 10
85 438 51 51 0 10
86 439 51 51 0 10
88 440 51 51 0 10
91 440 51 51 0 10
94 441 51 51 0 10
97 442 51 51 0 10
100 442 51 51 0 10
103 443 51 51 0 10
105 443 51 51 0 10
106 443 51 51 0 10
107 443 51 51 0 10
108 443 51 51 0 10
109 443 51 51 0 10
111 444 51 51 0 10
113 444 51 51 0 10
116 444 51 51 0 10
118 445 51 51 0 10
121 445 51 51 0 10
124 445 51 51 0 10
126 445 51 51 0 10
127 445 51 51 0 10
128 445 51 51 0 10
128 446 51 51 0 10
127 445 51 51 0 10
125 444 51 51 0 10
123 443 51 51 0 10
120 442 51 51 0 10
118 441 51 51 0 10
116 441 51 51 0 10
116 440 51 51 0 10
116 439 51 51 0 10
116 438 51 51 0 10
116 437 51 51 0 10
116 436 51 51 0 10
117 436 51 51 0 10
121 434 51 51 0 10
125 433 51 51 0 10
131 432 51 51 0 10
135 432 51 51 0 10
139 430 51 51 0 10
145 430 51 51 0 10
149 430 51 51 0 10
151 430 51 51 0 10
149 429 51 51 0 10
147 429 51 51 0 10
145 428 51 51 0 10
143 427 51 51 0 10
141 425 51 51 0 10
139 425 51 51 0 10
137 424 51 51 0 10
135 422 51 51 0 10
132 422 51 51 0 10
130 420 51 51 0 10
129 419 51 51 0 10
127 418 51 51 0 10
125 416 51 51 0 10
124 416 51 51 0 10
123 414 51 51 0 10
122 414 51 51 0 10
120 412 51 51 0 10
119 410 51 51 0 10
118 409 51 51 0 10
118 408 51 51 0 10
117 406 51 51 0 10
117 405 51 51 0 10
116 405 51 51 0 10
116 404 51 51 0 10
114 404 51 51 0 10
112 405 51 51 0 10
110 406 51 51 0 10
106 408 51 51 0 10
104 408 51 51 0 10
101 409 51 51 0 10
98 411 51 51 0 10
96 411 51 51 0 10
96 412 51 51 0 10
95 413 51 51 0 10
95 414 51 51 0 10
95 416 51 51 0 10
95 417 51 51 0 10
95 419 51 51 0 10
97 419 51 51 0 10
97 420 51 51 0 10
99 421 51 51 0 10
101 422 51 51 0 10
103 424 51 51 0 10
105 425 51 51 0 10
108 426 51 51 0 10
108 427 51 51 0 10
109 427 51 51 0 10
109 428 51 51 0 10
110 428 51 51 0 10
111 429 51 51 0 10
111 431 51 51 0 10
112 433 51 51 0 10
114 434 51 51 0 10
115 437 51 51 0 10
116 438 51 51 0 10
117 438 51 51 0 10
117 439 51 51 0 10
118 439 51 51 0 10
119 439 51 51 0 10
119 438 51 51 0 10
120 437 51 51 0 10
121 434 51 51 0 10
122 431 51 51 0 10
123 428 51 51 0 10
126 423 51 51 0 10
126 420 51 51 0 10
127 417 51 51 0 10
127 414 51 51 0 10
127 413 51 51 0 10
127 410 51 51 0 10
127 409 51 51 0 10
127 408 51 51 0 10
127 407 51 51 0 10
127 406 51 51 0 10
127 405 51 51 0 10
126 405 51 51 0 10
125 405 51 51 0 10
124 407 51 51 0 10
123 409 51 51 0 10
122 411 51 51 0 10
122 414 51 51 0 10
121 415 51 51 0 10
120 417 51 51 0 10
120 419 51 51 0 10
119 420 51 51 0 10
119 422 51 51 0 10
118 423 51 51 0 10
118 425 51 51 0 10
117 425 51 51 0 10
116 426 51 51 0 10
115 426 51 51 0 10
113 426 51 51 0 10
112 426 51 51 0 10
111 426 51 51 0 10
110 426 51 51 0 10
109 426 51 51 0 10
108 426 51 51 0 10
107 424 51 51 0 10
105 423 51 51 0 10
104 419 51 51 0 10
103 416 51 51 0 10
101 413 51 51 0 10
101 409 51 51 0 10
100 403 51 51 0 10
100 400 51 51 0 10
101 396 51 51 0 10
103 393 51 51 0 10
103 390 51 51 0 10
106 388 51 51 0 10
106 385 51 51 0 10
107 383 51 51 0 10
108 382 51 51 0 10
109 382 51 51 0 10
109 383 51 51 0 10
111 387 51 51 0 10
112 390 51 51 0 10
112 394 51 51 0 10
113 398 51 51 0 10
113 402 51 51 0 10
113 406 51 51 0 10
113 409 51 51 0 10
113 412 51 51 0 10
112 414 51 51 0 10
111 416 51 51 0 10
110 417 51 51 0 10
109 420 51 51 0 10
108 421 51 51 0 10
107 422 51 51 0 10
107 423 51 51 0 10
105 423 51 51 0 10
105 424 51 51 0 10
104 424 51 51 0 10
103 425 51 51 0 10
102 425 51 51 0 10
101 425 51 51 0 10
101 424 51 51 0 10
99 423 51 51 0 10
99 422 51 51 0 10
99 420 51 51 0 10
98 418 51 51 0 10
97 417 51 51 0 10
97 413 51 51 0 10
97 409 51 51 0 10
97 403 51 51 0 10
97 398 51 51 0 10
97 391 51 51 0 10
98 386 51 51 0 10
99 384 51 51 0 10
100 382 51 51 0 10
100 381 51 51 0 10
100 380 51 51 0 10
101 380 51 51 0 10
102 380 51 51 0 10
102 382 51 51 0 10
103 384 51 51 0 10
103 387 51 51 0 10
104 392 51 51 0 10
105 395 51 51 0 10
105 399 51 51 0 10
105 401 51 51 0 10
105 404 51 51 0 10
105 406 51 51 0 10
105 407 51 51 0 10
106 408 51 51 0 10
108 408 51 51 0 10
109 408 51 51 0 10
111 408 51 51 0 10
114 407 51 51 0 10
117 406 51 51 0 10
121 405 51 51 0 10
123 403 51 51 0 10
125 401 51 51 0 10
127 399 51 51 0 10
129 398 51 51 0 10
130 397 51 51 0 10
130 395 51 51 0 10
131 395 51 51 0 10
131 394 51 51 0 10
131 396 51 51 0 10
131 397 51 51 0 10
131 398 51 51 0 10
131 399 51 51 0 10
129 400 51 51 0 10
127 401 51 51 0 10
126 401 51 51 0 10
125 402 51 51 0 10
123 402 51 51 0 10
122 402 51 51 0 10
120 402 51 51 0 10
119 402 51 51 0 10
117 401 51 51 0 10
115 400 51 51 0 10
113 398 51 51 0 10
112 396 51 51 0 10
111 394 51 51 0 10
109 392 51 51 0 10
109 390 51 51 0 10
108 388 51 51 0 10
108 386 51 51 0 10
107 384 51 51 0 10
107 383 51 51 0 10
106 380 51 51 0 10
106 377 51 51 0 10
105 375 51 51 0 10
104 373 51 51 0 10
104 372 51 51 0 10
104 370 51 51 0 10
104 368 51 51 0 10
104 367 51 51 0 10
104 365 51 51 0 10
104 364 51 51 0 10
104 361 51 51 0 10
104 360 51 51 0 10
104 359 51 51 0 10
104 358 51 51 0 10
104 356 51 51 0 10
104 355 51 51 0 10
103 353 51 51 0 10
103 352 51 51 0 10
103 350 51 51 0 10
103 348 51 51 0 10
102 347 51 51 0 10
102 344 51 51 0 10
102 342 51 51 0 10
101 339 51 51 0 10
101 337 51 51 0 10
100 335 51 51 0 10
99 334 51 51 0 10
99 331 51 51 0 10
98 328 51 51 0 10
98 325 51 51 0 10
97 322 51 51 0 10
96 320 51 51 0 10
96 319 51 51 0 10
96 317 51 51 0 10
95 316 51 51 0 10
95 318 51 51 0 10
95 321 51 51 0 10
95 326 51 51 0 10
95 331 51 51 0 10
95 336 51 51 0 10
96 342 51 51 0 10
96 347 51 51 0 10
96 351 51 51 0 10
96 357 51 51 0 10
97 361 51 51 0 10
97 365 51 51 0 10
98 369 51 51 0 10
98 372 51 51 0 10
99 373 51 51 0 10
100 375 51 51 0 10
100 376 51 51 0 10
100 377 51 51 0 10
101 378 51 51 0 10
101 379 51 51 0 10
102 379 51 51 0 10
102 381 51 51 0 10
102 382 51 51 0 10
104 384 51 51 0 10
104 385 51 51 0 10
105 383 51 51 0 10
105 380 51 51 0 10
105 376 51 51 0 10
105 372 51 51 0 10
106 367 51 51 0 10
107 363 51 51 0 10
107 360 51 51 0 10
108 358 51 51 0 10
108 356 51 51 0 10
108 354 51 51 0 10
109 354 51 51 0 10
110 354 51 51 0 10
111 356 51 51 0 10
111 358 51 51 0 10
113 360 51 51 0 10
114 362 51 51 0 10
114 364 51 51 0 10
115 367 51 51 0 10
116 370 51 51 0 10
116 372 51 51 0 10
117 374 51 51 0 10
117 376 51 51 0 10
117 377 51 51 0 10
117 379 51 51 0 10
118 378 51 51 0 10
119 376 51 51 0 10
119 374 51 51 0 10
119 372 51 51 0 10
120 369 51 51 0 10
121 366 51 51 0 10
122 364 51 51 0 10
122 362 51 51 0 10
122 361 51 51 0 10
123 362 51 51 0 10
124 364 51 51 0 10
125 366 51 51 0 10
126 367 51 51 0 10
127 370 51 51 0 10
128 373 51 51 0 10
129 376 51 51 0 10
129 378 51 51 0 10
130 381 51 51 0 10
130 383 51 51 0 10
130 385 51 51 0 10
130 387 51 51 0 10
130 389 51 51 0 10
130 391 51 51 0 10
130 394 51 51 0 10
131 395 51 51 0 10
131 397 51 51 0 10
131 399 51 51 0 10
131 401 51 51 0 10
131 402 51 51 0 10
132 402 51 51 0 10
132 403 51 51 0 10
132 404 51 51 0 10
133 405 51 51 0 10
133 406 51 51 0 10
133 407 51 51 0 10
133 406 51 51 0 10
132 406 51 51 0 10
132 405 51 51 0 10
130 405 51 51 0 10
130 403 51 51 0 10
129 403 51 51 0 10
128 400 51 51 0 10
127 398 51 51 0 10
127 396 51 51 0 10
126 394 51 51 0 10
126 393 51 51 0 10
125 391 51 51 0 10
125 389 51 51 0 10
125 388 51 51 0 10
125 387 51 51 0 10
124 386 51 51 0 10
124 388 51 51 0 10
125 390 51 51 0 10
127 392 51 51 0 10
128 396 51 51 0 10
129 399 51 51 0 10
131 402 51 51 0 10
131 403 51 51 0 10
132 405 51 51 0 10
133 407 51 51 0 10
133 408 51 51 0 10
134 410 51 51 0 10
135 411 51 51 0 10
135 412 51 51 0 10
136 413 51 51 0 10
137 415 51 51 0 10
138 417 51 51 0 10
139 419 51 51 0 10
140 421 51 51 0 10
141 424 51 51 0 10
143 426 51 51 0 10
143 427 51 51 0 10
143 429 51 51 0 10
144 429 51 51 0 10
144 430 51 51 0 10
144 431 51 51 0 10
145 431 51 51 0 10
146 432 51 51 0 10
146 433 51 51 0 10
147 433 51 51 0 10
147 434 51 51 0 10
148 434 51 51 0 10
148 436 51 51 0 10
149 437 51 51 0 10
150 438 51 51 0 10
150 439 51 51 0 10
151 441 51 51 0 10
152 441 51 51 0 10
153 443 51 51 0 10
154 444 51 51 0 10
154 445 51 51 0 10
154 447 51 51 0 10
155 448 51 51 0 10
155 449 51 51 0 10
155 450 51 51 0 10
155 451 51 51 0 10
153 451 51 51 0 10
152 451 51 51 0 10
151 451 51 51 0 10
148 451 51 51 0 10
146 450 51 51 0 10
143 448 51 51 0 10
142 448 51 51 0 10
139 446 51 51 0 10
138 446 51 51 0 10
137 445 51 51 0 10
136 444 51 51 0 10
135 443 51 51 0 10
134 442 51 51 0 10
134 441 51 51 0 10
134 440 51 51 0 10
133 440 51 51 0 10
133 439 51 51 0 10
133 438 51 51 0 10
133 437 51 51 0 10
133 435 51 51 0 10
133 434 51 51 0 10
133 433 51 51 0 10
134 433 51 51 0 10
135 433 51 51 0 10
136 434 51 51 0 10
137 435 51 51 0 10
138 437 51 51 0 10
139 438 51 51 0 10
139 439 51 51 0 10
140 440 51 51 0 10
141 441 51 51 0 10
141 442 51 51 0 10
142 442 51 51 0 10
143 442 51 51 0 10
143 443 51 51 0 10
143 444 51 51 0 10
142 443 51 51 0 10
140 442 51 51 0 10
136 440 51 51 0 10
131 438 51 51 0 10
124 437 51 51 0 10
116 435 51 51 0 10
109 434 51 51 0 10
102 433 51 51 0 10
97 432 51 51 0 10
95 432 51 51 0 10
92 432 51 51 0 10
90 431 51 51 0 10
89 431 51 51 0 10
88 430 51 51 0 10
86 430 51 51 0 10
84 429 51 51 0 10
82 428 51 51 0 10
80 427 51 51 0 10
79 427 51 51 0 10
78 426 51 51 0 10
78 425 51 51 0 10
78 423 51 51 0 10
77 423 51 51 0 10
77 422 51 51 0 10
77 421 51 51 0 10
77 420 51 51 0 10
78 420 51 51 0 10
78 419 51 51 0 10
80 417 51 51 0 10
81 415 51 51 0 10
83 415 51 51 0 10
83 414 51 51 0 10
85 413 51 51 0 10
86 413 51 51 0 10
86 412 51 51 0 10
87 412 51 51 0 10
88 412 51 51 0 10
89 411 51 51 0 10
91 410 51 51 0 10
92 409 51 51 0 10
93 409 51 51 0 10
93 408 51 51 0 10
94 407 51 51 0 10
95 406 51 51 0 10
96 405 51 51 0 10
96 404 51 51 0 10
96 403 51 51 0 10
97 403 51 51 0 10
97 402 51 51 0 10
98 401 51 51 0 10
98 400 51 51 0 10
98 399 51 51 0 10
99 398 51 51 0 10
99 397 51 51 0 10
99 395 51 51 0 10
99 394 51 51 0 10
99 392 51 51 0 10
99 391 51 51 0 10
99 390 51 51 0 10
99 392 51 51 0 10
99 396 51 51 0 10
100 399 51 51 0 10
100 403 51 51 0 10
100 406 51 51 0 10
100 410 51 51 0 10
100 413 51 51 0 10
100 415 51 51 0 10
100 417 51 51 0 10
100 419 51 51 0 10
100 420 51 51 0 10
100 419 51 51 0 10
100 416 51 51 0 10
100 413 51 51 0 10
100 409 51 51 0 10
100 405 51 51 0 10
99 402 51 51 0 10
99 398 51 51 0 10
99 396 51 51 0 10
99 393 51 51 0 10
99 391 51 51 0 10
99 389 51 51 0 10
99 386 51 51 0 10
99 385 51 51 0 10
99 384 51 51 0 10
99 383 51 51 0 10
99 381 51 51 0 10
99 380 51 51 0 10
99 382 51 51 0 10
100 385 51 51 0 10
100 388 51 51 0 10
104 393 51 51 0 10
106 395 51 51 0 10
109 398 51 51 0 10
111 399 51 51 0 10
112 401 51 51 0 10
115 401 51 51 0 10
117 401 51 51 0 10
120 402 51 51 0 10
122 402 51 51 0 10
123 403 51 51 0 10
125 403 51 51 0 10
126 403 51 51 0 10
127 403 51 51 0 10
128 403 51 51 0 10
126 401 51 51 0 10
122 399 51 51 0 10
118 397 51 51 0 10
115 395 51 51 0 10
112 395 51 51 0 10
111 394 51 51 0 10
109 393 51 51 0 10
108 393 51 51 0 10
108 391 51 51 0 10
107 391 51 51 0 10
106 389 51 51 0 10
105 387 51 51 0 10
105 386 51 51 0 10
104 385 51 51 0 10
104 383 51 51 0 10
104 382 51 51 0 10
104 381 51 51 0 10
104 380 51 51 0 10
104 379 51 51 0 10
104 378 51 51 0 10
104 376 51 51 0 10
105 374 51 51 0 10
106 373 51 51 0 10
106 370 51 51 0 10
107 369 51 51 0 10
108 368 51 51 0 10
108 366 51 51 0 10
108 365 51 51 0 10
108 364 51 51 0 10
109 362 51 51 0 10
109 361 51 51 0 10
110 360 51 51 0 10
110 359 51 51 0 10
110 358 51 51 0 10
110 357 51 51 0 10
110 356 51 51 0 10
110 355 51 51 0 10
110 354 51 51 0 10
110 352 51 51 0 10
110 351 51 51 0 10
110 350 51 51 0 10
110 349 51 51 0 10
110 348 51 51 0 10
111 347 51 51 0 10
111 346 51 51 0 10
111 345 51 51 0 10
111 344 51 51 0 10
112 344 51 51 0 10
112 343 51 51 0 10
112 342 51 51 0 10
112 341 51 51 0 10
112 340 51 51 0 10
112 339 51 51 0 10
112 338 51 51 0 10
112 337 51 51 0 10
113 336 51 51 0 10
113 335 51 51 0 10
113 334 51 51 0 10
113 332 51 51 0 10
114 332 51 51 0 10
114 331 51 51 0 10
114 330 51 51 0 10
115 330 51 51 0 10
115 329 51 51 0 10
115 328 51 51 0 10
115 327 51 51 0 10
116 326 51 51 0 10
116 325 51 51 0 10
116 324 51 51 0 10
116 323 51 51 0 10
116 322 51 51 0 10
117 321 51 51 0 10
117 320 51 51 0 10
117 319 51 51 0 10
117 318 51 51 0 10
117 317 51 51 0 10
117 316 51 51 0 10
117 315 51 51 0 10
117 314 51 51 0 10
117 313 51 51 0 10
117 312 51 51 0 10
117 310 51 51 0 10
117 309 51 51 0 10
117 308 51 51 0 10
117 307 51 51 0 10
117 306 51 51 0 10
116 304 51 51 0 10
115 303 51 51 0 10
115 302 51 51 0 10
115 301 51 51 0 10
115 300 51 51 0 10
114 300 51 51 0 10
114 299 51 51 0 10
114 298 51 51 0 10
114 297 51 51 0 10
114 296 51 51 0 10
114 295 51 51 0 10
114 294 51 51 0 10
114 293 51 51 0 10
114 292 51 51 0 10
114 291 51 51 0 10
113 291 51 51 0 10
112 291 51 51 0 10
111 291 51 51 0 10
110 291 51 51 0 10
108 291 51 51 0 10
107 291 51 51 0 10
106 291 51 51 0 10
105 291 51 51 0 10
104 291 51 51 0 10
103 291 51 51 0 10
101 291 51 51 0 10
101 292 51 51 0 10
101 293 51 51 0 10
100 293 51 51 0 10
99 294 51 51 0 10
99 296 51 51 0 10
99 297 51 51 0 10
98 298 51 51 0 10
98 299 51 51 0 10
98 300 51 51 0 10
98 301 51 51 0 10
98 302 51 51 0 10
97 303 51 51 0 10
97 304 51 51 0 10
97 305 51 51 0 10
97 308 51 51 0 10
97 309 51 51 0 10
97 310 51 51 0 10
97 313 51 51 0 10
97 314 51 51 0 10
96 317 51 51 0 10
96 318 51 51 0 10
96 319 51 51 0 10
96 320 51 51 0 10
96 321 51 51 0 10
97 321 51 51 0 10
98 321 51 51 0 10
99 321 51 51 0 10
100 320 51 51 0 10
101 319 51 51 0 10
102 319 51 51 0 10
102 318 51 51 0 10
104 318 51 51 0 10
104 317 51 51 0 10
105 317 51 51 0 10
105 316 51 51 0 10
105 315 51 51 0 10
106 315 51 51 0 10
106 314 51 51 0 10
106 313 51 51 0 10
107 313 51 51 0 10
107 312 51 51 0 10
107 311 51 51 0 10
107 310 51 51 0 10
107 308 51 51 0 10
107 307 51 51 0 10
107 306 51 51 0 10
107 305 51 51 0 10
108 305 51 51 0 10
108 304 51 51 0 10
109 304 51 51 0 10
110 304 51 51 0 10
110 305 51 51 0 10
110 306 51 51 0 10
111 307 51 51 0 10
111 308 51 51 0 10
112 310 51 51 0 10
112 311 51 51 0 10
112 312 51 51 0 10
112 314 51 51 0 10
112 315 51 51 0 10
112 316 51 51 0 10
112 318 51 51 0 10
112 320 51 51 0 10
112 321 51 51 0 10
112 323 51 51 0 10
111 325 51 51 0 10
111 327 51 51 0 10
111 328 51 51 0 10
110 329 51 51 0 10
110 331 51 51 0 10
109 332 51 51 0 10
109 333 51 51 0 10
108 334 51 51 0 10
107 336 51 51 0 10
107 337 51 51 0 10
106 338 51 51 0 10
106 339 51 51 0 10
106 340 51 51 0 10
105 341 51 51 0 10
105 342 51 51 0 10
105 343 51 51 0 10
104 345 51 51 0 10
103 346 51 51 0 10
103 347 51 51 0 10
102 349 51 51 0 10
102 350 51 51 0 10
102 352 51 51 0 10
101 353 51 51 0 10
101 355 51 51 0 10
101 357 51 51 0 10
100 357 51 51 0 10
100 358 51 51 0 10
100 359 51 51 0 10
100 360 51 51 0 10
99 361 51 51 0 10
99 362 51 51 0 10
99 363 51 51 0 10
98 365 51 51 0 10
98 366 51 51 0 10
98 368 51 51 0 10
97 369 51 51 0 10
97 370 51 51 0 10
97 371 51 51 0 10
97 372 51 51 0 10
97 373 51 51 0 10
97 374 51 51 0 10
97 375 51 51 0 10
96 377 51 51 0 10
96 379 51 51 0 10
96 380 51 51 0 10
96 381 51 51 0 10
96 382 51 51 0 10
96 383 51 51 0 10
95 384 51 51 0 10
95 385 51 51 0 10
94 387 51 51 0 10
94 388 51 51 0 10
94 390 51 51 0 10
94 391 51 51 0 10
93 391 51 51 0 10
93 392 51 51 0 10
93 393 51 51 0 10
92 395 51 51 0 10
92 396 51 51 0 10
92 397 51 51 0 10
92 398 51 51 0 10
92 400 51 51 0 10
92 401 51 51 0 10
92 402 51 51 0 10
92 403 51 51 0 10
92 405 51 51 0 10
92 406 51 51 0 10
92 407 51 51 0 10
92 408 51 51 0 10
92 409 51 51 0 10
92 411 51 51 0 10
92 412 51 51 0 10
92 413 51 51 0 10
93 414 51 51 0 10
93 415 51 51 0 10
94 416 51 51 0 10
95 416 51 51 0 10
96 416 51 51 0 10
97 416 51 51 0 10
99 416 51 51 0 10
101 416 51 51 0 10
103 416 51 51 0 10
104 416 51 51 0 10
105 415 51 51 0 10
106 415 51 51 0 10
106 414 51 51 0 10
107 414 51 51 0 10
108 412 51 51 0 10
109 411 51 51 0 10
111 410 51 51 0 10
112 408 51 51 0 10
113 407 51 51 0 10
114 405 51 51 0 10
114 404 51 51 0 10
115 404 51 51 0 10
116 402 51 51 0 10
116 401 51 51 0 10
116 400 51 51 0 10
117 399 51 51 0 10
117 397 51 51 0 10
117 396 51 51 0 10
118 395 51 51 0 10
118 393 51 51 0 10
119 392 51 51 0 10
119 391 51 51 0 10
119 390 51 51 0 10
119 389 51 51 0 10
119 388 51 51 0 10
119 387 51 51 0 10
119 386 51 51 0 10
119 383 51 51 0 10
119 382 51 51 0 10
119 380 51 51 0 10
119 377 51 51 0 10
119 375 51 51 0 10
118 372 51 51 0 10
116 368 51 51 0 10
116 365 51 51 0 10
115 363 51 51 0 10
114 360 51 51 0 10
113 357 51 51 0 10
112 354 51 51 0 10
110 350 51 51 0 10
109 348 51 51 0 10
108 345 51 51 0 10
106 344 51 51 0 10
106 341 51 51 0 10
106 339 51 51 0 10
105 338 51 51 0 10
104 337 51 51 0 10
104 335 51 51 0 10
104 334 51 51 0 10
103 333 51 51 0 10
103 332 51 51 0 10
102 331 51 51 0 10
102 329 51 51 0 10
102 328 51 51 0 10
101 327 51 51 0 10
101 326 51 51 0 10
101 325 51 51 0 10
101 324 51 51 0 10
101 323 51 51 0 10
101 322 51 51 0 10
100 321 51 51 0 10
100 320 51 51 0 10
99 320 51 51 0 10
99 319 51 51 0 10
99 318 51 51 0 10
99 317 51 51 0 10
98 316 51 51 0 10
98 314 51 51 0 10
98 313 51 51 0 10
97 312 51 51 0 10
97 311 51 51 0 10
97 310 51 51 0 10
96 308 51 51 0 10
96 307 51 51 0 10
96 306 51 51 0 10
96 305 51 51 0 10
96 304 51 51 0 10
95 302 51 51 0 10
95 301 51 51 0 10
95 300 51 51 0 10
94 299 51 51 0 10
94 298 51 51 0 10
94 297 51 51 0 10
94 296 51 51 0 10
94 295 51 51 0 10
94 294 51 51 0 10
94 293 51 51 0 10
93 291 51 51 0 10
93 290 51 51 0 10
93 289 51 51 0 10
93 288 51 51 0 10
93 287 51 51 0 10
92 287 51 51 0 10
92 286 51 51 0 10
92 285 51 51 0 10
91 284 51 51 0 10
91 283 51 51 0 10
90 282 51 51 0 10
90 283 51 51 0 10
91 285 51 51 0 10
91 288 51 51 0 10
92 291 51 51 0 10
93 293 51 51 0 10
93 296 51 51 0 10
94 298 51 51 0 10
94 299 51 51 0 10
95 302 51 51 0 10
95 303 51 51 0 10
95 304 51 51 0 10
95 305 51 51 0 10
95 304 51 51 0 10
95 303 51 51 0 10
95 301 51 51 0 10
95 300 51 51 0 10
95 297 51 51 0 10
95 295 51 51 0 10
95 292 51 51 0 10
95 289 51 51 0 10
95 287 51 51 0 10
97 284 51 51 0 10
97 283 51 51 0 10
98 283 51 51 0 10
100 283 51 51 0 10
101 283 51 51 0 10
103 283 51 51 0 10
104 283 51 51 0 10
105 283 51 51 0 10
105 284 51 51 0 10
106 285 51 51 0 10
107 285 51 51 0 10
108 286 51 51 0 10
108 287 51 51 0 10
109 288 51 51 0 10
110 289 51 51 0 10
110 290 51 51 0 10
111 291 51 51 0 10
111 292 51 51 0 10
112 292 51 51 0 10
113 291 51 51 0 10
114 290 51 51 0 10
114 288 51 51 0 10
114 287 51 51 0 10
115 286 51 51 0 10
115 285 51 51 0 10
115 284 51 51 0 10
114 284 51 51 0 10
113 283 51 51 0 10
111 283 51 51 0 10
110 283 51 51 0 10
108 283 51 51 0 10
107 283 51 51 0 10
106 283 51 51 0 10
105 283 51 51 0 10
104 283 51 51 0 10
103 283 51 51 0 10
101 283 51 51 0 10
100 283 51 51 0 10
99 283 51 51 0 10
97 283 51 51 0 10
96 284 51 51 0 10
95 284 51 51 0 10
95 285 51 51 0 10
95 287 51 51 0 10
95 288 51 51 0 10
95 290 51 51 0 10
95 291 51 51 0 10
95 293 51 51 0 10
95 294 51 51 0 10
95 295 51 51 0 10
95 296 51 51 0 10
95 298 51 51 0 10
95 300 51 51 0 10
95 301 51 51 0 10
95 302 51 51 0 10
95 303 51 51 0 10
95 304 51 51 0 10
95 305 51 51 0 10
95 306 51 51 0 10
95 307 51 51 0 10
95 308 51 51 0 10
128 259 0 153 0 10
131 259 0 153 0 10
134 258 0 153 0 10
137 257 0 153 0 10
139 257 0 153 0 10
140 256 0 153 0 10
141 256 0 153 0 10
142 255 0 153 0 10
143 255 0 153 0 10
144 255 0 153 0 10
144 254 0 153 0 10
145 254 0 153 0 10
146 254 0 153 0 10
147 253 0 153 0 10
148 253 0 153 0 10
149 253 0 153 0 10
150 252 0 153 0 10
150 251 0 153 0 10
151 250 0 153 0 10
152 249 0 153 0 10
153 248 0 153 0 10
154 248 0 153 0 10
155 247 0 153 0 10
157 246 0 153 0 10
158 245 0 153 0 10
159 245 0 153 0 10
159 244 0 153 0 10
160 243 0 153 0 10
161 242 0 153 0 10
161 241 0 153 0 10
162 240 0 153 0 10
163 240 0 153 0 10
164 238 0 153 0 10
165 237 0 153 0 10
166 237 0 153 0 10
166 235 0 153 0 10
166 234 0 153 0 10
167 234 0 153 0 10
167 233 0 153 0 10
168 232 0 153 0 10
169 230 0 153 0 10
169 229 0 153 0 10
170 228 0 153 0 10
170 227 0 153 0 10
171 226 0 153 0 10
171 225 0 153 0 10
172 224 0 153 0 10
172 223 0 153 0 10
172 222 0 153 0 10
172 221 0 153 0 10
173 220 0 153 0 10
173 219 0 153 0 10
173 218 0 153 0 10
173 217 0 153 0 10
174 217 0 153 0 10
174 216 0 153 0 10
174 215 0 153 0 10
174 214 0 153 0 10
175 213 0 153 0 10
175 212 0 153 0 10
175 211 0 153 0 10
175 210 0 153 0 10
175 209 0 153 0 10
175 208 0 153 0 10
176 207 0 153 0 10
176 206 0 153 0 10
176 205 0 153 0 10
176 204 0 153 0 10
176 203 0 153 0 10
177 202 0 153 0 10
177 201 0 153 0 10
177 200 0 153 0 10
177 199 0 153 0 10
177 198 0 153 0 10
177 196 0 153 0 10
177 195 0 153 0 10
177 194 0 153 0 10
177 193 0 153 0 10
177 192 0 153 0 10
178 190 0 153 0 10
178 189 0 153 0 10
178 188 0 153 0 10
178 187 0 153 0 10
178 186 0 153 0 10
178 185 0 153 0 10
179 185 0 153 0 10
181 183 0 153 0 10
182 182 0 153 0 10
184 182 0 153 0 10
185 181 0 153 0 10
186 180 0 153 0 10
187 179 0 153 0 10
188 178 0 153 0 10
188 177 0 153 0 10
189 176 0 153 0 10
189 175 0 153 0 10
189 174 0 153 0 10
189 172 0 153 0 10
189 171 0 153 0 10
188 169 0 153 0 10
187 168 0 153 0 10
186 167 0 153 0 10
184 166 0 153 0 10
183 165 0 153 0 10
181 163 0 153 0 10
177 162 0 153 0 10
174 160 0 153 0 10
170 159 0 153 0 10
165 156 0 153 0 10
162 156 0 153 0 10
159 154 0 153 0 10
156 153 0 153 0 10
155 153 0 153 0 10
154 152 0 153 0 10
153 151 0 153 0 10
152 151 0 153 0 10
151 151 0 153 0 10
150 151 0 153 0 10
150 150 0 153 0 10
150 148 0 153 0 10
151 147 0 153 0 10
151 145 0 153 0 10
152 144 0 153 0 10
153 143 0 153 0 10
153 141 0 153 0 10
153 140 0 153 0 10
153 139 0 153 0 10
153 137 0 153 0 10
153 136 0 153 0 10
153 134 0 153 0 10
153 133 0 153 0 10
153 132 0 153 0 10
153 131 0 153 0 10
152 130 0 153 0 10
151 130 0 153 0 10
148 129 0 153 0 10
145 129 0 153 0 10
143 129 0 153 0 10
142 129 0 153 0 10
141 129 0 153 0 10
141 128 0 153 0 10
142 127 0 153 0 10
143 126 0 153 0 10
144 125 0 153 0 10
145 124 0 153 0 10
145 123 0 153 0 10
145 122 0 153 0 10
145 121 0 153 0 10
145 120 0 153 0 10
143 120 0 153 0 10
140 120 0 153 0 10
135 120 0 153 0 10
130 120 0 153 0 10
124 122 0 153 0 10
118 123 0 153 0 10
113 123 0 153 0 10
112 123 0 153 0 10
110 124 0 153 0 10
109 124 0 153 0 10
108 124 0 153 0 10
108 123 0 153 0 10
108 122 0 153 0 10
108 121 0 153 0 10
108 120 0 153 0 10
108 119 0 153 0 10
107 119 0 153 0 10
107 117 0 153 0 10
106 117 0 153 0 10
105 116 0 153 0 10
105 115 0 153 0 10
103 115 0 153 0 10
102 114 0 153 0 10
101 114 0 153 0 10
99 113 0 153 0 10
98 113 0 153 0 10
95 113 0 153 0 10
92 113 0 153 0 10
90 113 0 153 0 10
87 113 0 153 0 10
85 113 0 153 0 10
83 113 0 153 0 10
80 113 0 153 0 10
78 113 0 153 0 10
77 114 0 153 0 10
74 114 0 153 0 10
72 115 0 153 0 10
70 115 0 153 0 10
69 115 0 153 0 10
68 115 0 153 0 10
67 115 0 153 0 10
68 114 0 153 0 10
69 114 0 153 0 10
71 113 0 153 0 10
72 112 0 153 0 10
73 111 0 153 0 10
74 110 0 153 0 10
74 109 0 153 0 10
72 109 0 153 0 10
69 109 0 153 0 10
66 109 0 153 0 10
65 109 0 153 0 10
62 109 0 153 0 10
60 109 0 153 0 10
58 110 0 153 0 10
56 111 0 153 0 10
55 111 0 153 0 10
53 111 0 153 0 10
52 111 0 153 0 10
51 111 0 153 0 10
51 112 0 153 0 10
50 112 0 153 0 10
49 112 0 153 0 10
48 113 0 153 0 10
46 114 0 153 0 10
44 116 0 153 0 10
42 116 0 153 0 10
40 118 0 153 0 10
39 119 0 153 0 10
38 119 0 153 0 10
38 120 0 153 0 10
38 121 0 153 0 10
40 122 0 153 0 10
42 123 0 153 0 10
44 124 0 153 0 10
46 124 0 153 0 10
47 124 0 153 0 10
46 126 0 153 0 10
44 126 0 153 0 10
42 127 0 153 0 10
40 129 0 153 0 10
39 129 0 153 0 10
36 130 0 153 0 10
35 131 0 153 0 10
34 132 0 153 0 10
34 133 0 153 0 10
33 133 0 153 0 10
33 134 0 153 0 10
33 135 0 153 0 10
34 136 0 153 0 10
36 137 0 153 0 10
38 139 0 153 0 10
40 139 0 153 0 10
43 141 0 153 0 10
47 143 0 153 0 10
50 143 0 153 0 10
52 143 0 153 0 10
53 144 0 153 0 10
53 145 0 153 0 10
51 146 0 153 0 10
47 147 0 153 0 10
41 148 0 153 0 10
36 149 0 153 0 10
29 151 0 153 0 10
25 153 0 153 0 10
22 154 0 153 0 10
20 156 0 153 0 10
17 156 0 153 0 10
16 156 0 153 0 10
15 157 0 153 0 10
14 157 0 153 0 10
14 158 0 153 0 10
15 159 0 153 0 10
17 160 0 153 0 10
19 161 0 153 0 10
21 161 0 153 0 10
24 162 0 153 0 10
26 162 0 153 0 10
28 163 0 153 0 10
28 164 0 153 0 10
27 165 0 153 0 10
26 166 0 153 0 10
25 167 0 153 0 10
23 168 0 153 0 10
21 169 0 153 0 10
20 171 0 153 0 10
19 171 0 153 0 10
18 172 0 153 0 10
17 173 0 153 0 10
17 174 0 153 0 10
17 175 0 153 0 10
17 176 0 153 0 10
17 177 0 153 0 10
19 178 0 153 0 10
21 179 0 153 0 10
25 180 0 153 0 10
29 181 0 153 0 10
32 182 0 153 0 10
36 183 0 153 0 10
38 184 0 153 0 10
39 184 0 153 0 10
39 185 0 153 0 10
39 186 0 153 0 10
38 187 0 153 0 10
36 189 0 153 0 10
34 189 0 153 0 10
30 191 0 153 0 10
26 194 0 153 0 10
22 195 0 153 0 10
19 198 0 153 0 10
16 200 0 153 0 10
14 200 0 153 0 10
14 201 0 153 0 10
13 201 0 153 0 10
13 202 0 153 0 10
13 203 0 153 0 10
13 204 0 153 0 10
14 205 0 153 0 10
15 205 0 153 0 10
18 207 0 153 0 10
21 208 0 153 0 10
23 208 0 153 0 10
25 208 0 153 0 10
26 209 0 153 0 10
26 210 0 153 0 10
26 211 0 153 0 10
25 212 0 153 0 10
23 213 0 153 0 10
21 214 0 153 0 10
20 216 0 153 0 10
17 216 0 153 0 10
16 218 0 153 0 10
15 218 0 153 0 10
13 220 0 153 0 10
15 220 0 153 0 10
20 220 0 153 0 10
30 220 0 153 0 10
39 220 0 153 0 10
48 219 0 153 0 10
55 219 0 153 0 10
58 219 0 153 0 10
60 219 0 153 0 10
60 220 0 153 0 10
60 221 0 153 0 10
60 222 0 153 0 10
60 223 0 153 0 10
63 224 0 153 0 10
68 225 0 153 0 10
74 227 0 153 0 10
82 227 0 153 0 10
87 227 0 153 0 10
90 227 0 153 0 10
92 227 0 153 0 10
92 228 0 153 0 10
93 228 0 153 0 10
94 229 0 153 0 10
96 229 0 153 0 10
98 230 0 153 0 10
99 231 0 153 0 10
101 231 0 153 0 10
103 231 0 153 0 10
105 231 0 153 0 10
106 231 0 153 0 10
105 231 0 153 0 10
105 230 0 153 0 10
106 230 0 153 0 10
107 229 0 153 0 10
107 228 0 153 0 10
109 227 0 153 0 10
109 226 0 153 0 10
110 224 0 153 0 10
111 222 0 153 0 10
111 219 0 153 0 10
111 217 0 153 0 10
111 215 0 153 0 10
111 213 0 153 0 10
111 211 0 153 0 10
111 209 0 153 0 10
111 207 0 153 0 10
110 206 0 153 0 10
110 204 0 153 0 10
108 202 0 153 0 10
107 201 0 153 0 10
105 199 0 153 0 10
104 198 0 153 0 10
102 197 0 153 0 10
101 196 0 153 0 10
99 195 0 153 0 10
98 193 0 153 0 10
97 193 0 153 0 10
96 190 0 153 0 10
95 189 0 153 0 10
93 187 0 153 0 10
93 185 0 153 0 10
91 183 0 153 0 10
90 181 0 153 0 10
90 180 0 153 0 10
89 178 0 153 0 10
88 178 0 153 0 10
87 177 0 153 0 10
87 176 0 153 0 10
86 175 0 153 0 10
86 174 0 153 0 10
85 174 0 153 0 10
85 173 0 153 0 10
85 172 0 153 0 10
85 170 0 153 0 10
85 169 0 153 0 10
85 168 0 153 0 10
85 167 0 153 0 10
86 165 0 153 0 10
88 164 0 153 0 10
91 162 0 153 0 10
94 161 0 153 0 10
97 159 0 153 0 10
101 157 0 153 0 10
103 157 0 153 0 10
105 156 0 153 0 10
106 155 0 153 0 10
107 155 0 153 0 10
108 155 0 153 0 10
109 155 0 153 0 10
111 155 0 153 0 10
112 157 0 153 0 10
113 158 0 153 0 10
115 160 0 153 0 10
116 163 0 153 0 10
118 165 0 153 0 10
119 166 0 153 0 10
121 170 0 153 0 10
123 173 0 153 0 10
124 174 0 153 0 10
125 177 0 153 0 10
127 178 0 153 0 10
128 179 0 153 0 10
128 181 0 153 0 10
129 183 0 153 0 10
130 184 0 153 0 10
130 185 0 153 0 10
131 188 0 153 0 10
131 189 0 153 0 10
132 191 0 153 0 10
132 192 0 153 0 10
133 193 0 153 0 10
133 194 0 153 0 10
134 194 0 153 0 10
135 194 0 153 0 10
135 196 0 153 0 10
136 197 0 153 0 10
137 199 0 153 0 10
137 203 0 153 0 10
138 206 0 153 0 10
138 209 0 153 0 10
138 212 0 153 0 10
138 215 0 153 0 10
138 217 0 153 0 10
138 218 0 153 0 10
138 219 0 153 0 10
138 220 0 153 0 10
137 220 0 153 0 10
136 222 0 153 0 10
134 224 0 153 0 10
132 227 0 153 0 10
131 229 0 153 0 10
128 231 0 153 0 10
128 233 0 153 0 10
127 234 0 153 0 10
127 235 0 153 0 10
127 236 0 153 0 10
125 236 0 153 0 10
124 236 0 153 0 10
123 236 0 153 0 10
121 236 0 153 0 10
119 236 0 153 0 10
118 236 0 153 0 10
116 237 0 153 0 10
115 237 0 153 0 10
113 237 0 153 0 10
111 238 0 153 0 10
108 238 0 153 0 10
106 240 0 153 0 10
104 240 0 153 0 10
103 240 0 153 0 10
103 241 0 153 0 10
102 241 0 153 0 10
101 241 0 153 0 10
100 242 0 153 0 10
99 243 0 153 0 10
98 243 0 153 0 10
98 244 0 153 0 10
97 244 0 153 0 10
96 244 0 153 0 10
93 244 0 153 0 10
91 244 0 153 0 10
89 244 0 153 0 10
86 244 0 153 0 10
83 244 0 153 0 10
80 244 0 153 0 10
77 244 0 153 0 10
75 244 0 153 0 10
73 244 0 153 0 10
71 244 0 153 0 10
69 244 0 153 0 10
67 244 0 153 0 10
65 244 0 153 0 10
64 244 0 153 0 10
63 244 0 153 0 10
62 243 0 153 0 10
60 243 0 153 0 10
60 242 0 153 0 10
58 242 0 153 0 10
57 241 0 153 0 10
57 240 0 153 0 10
56 240 0 153 0 10
56 239 0 153 0 10
56 238 0 153 0 10
56 237 0 153 0 10
56 236 0 153 0 10
56 235 0 153 0 10
56 233 0 153 0 10
56 232 0 153 0 10
56 231 0 153 0 10
57 229 0 153 0 10
59 228 0 153 0 10
60 225 0 153 0 10
62 224 0 153 0 10
63 223 0 153 0 10
65 220 0 153 0 10
66 219 0 153 0 10
67 218 0 153 0 10
68 215 0 153 0 10
70 213 0 153 0 10
71 211 0 153 0 10
73 209 0 153 0 10
73 207 0 153 0 10
75 205 0 153 0 10
76 204 0 153 0 10
76 201 0 153 0 10
78 199 0 153 0 10
79 197 0 153 0 10
80 195 0 153 0 10
82 192 0 153 0 10
84 189 0 153 0 10
85 187 0 153 0 10
85 185 0 153 0 10
87 183 0 153 0 10
88 180 0 153 0 10
88 179 0 153 0 10
89 177 0 153 0 10
89 176 0 153 0 10
90 175 0 153 0 10
90 174 0 153 0 10
91 173 0 153 0 10
91 172 0 153 0 10
92 171 0 153 0 10
93 169 0 153 0 10
94 168 0 153 0 10
95 166 0 153 0 10
95 165 0 153 0 10
96 164 0 153 0 10
97 163 0 153 0 10
97 162 0 153 0 10
98 160 0 153 0 10
98 158 0 153 0 10
99 157 0 153 0 10
99 156 0 153 0 10
92 146 0 153 0 10
93 147 0 153 0 10
94 147 0 153 0 10
95 147 0 153 0 10
95 148 0 153 0 10
96 149 0 153 0 10
97 150 0 153 0 10
98 151 0 153 0 10
99 152 0 153 0 10
100 153 0 153 0 10
102 155 0 153 0 10
103 156 0 153 0 10
104 158 0 153 0 10
105 159 0 153 0 10
106 160 0 153 0 10
106 161 0 153 0 10
106 162 0 153 0 10
107 163 0 153 0 10
107 164 0 153 0 10
76 211 0 153 51 50
74 211 0 153 51 50
70 209 0 153 51 50
68 207 0 153 51 50
64 206 0 153 51 50
59 204 0 153 51 50
55 202 0 153 51 50
51 200 0 153 51 50
48 198 0 153 51 50
46 197 0 153 51 50
44 196 0 153 51 50
43 194 0 153 51 50
41 194 0 153 51 50
41 193 0 153 51 50
40 192 0 153 51 50
40 191 0 153 51 50
39 191 0 153 51 50
38 189 0 153 51 50
37 189 0 153 51 50
37 188 0 153 51 50
36 186 0 153 51 50
36 185 0 153 51 50
35 183 0 153 51 50
35 182 0 153 51 50
35 180 0 153 51 50
34 179 0 153 51 50
34 177 0 153 51 50
34 176 0 153 51 50
33 175 0 153 51 50
33 173 0 153 51 50
33 172 0 153 51 50
33 171 0 153 51 50
33 170 0 153 51 50
33 169 0 153 51 50
33 168 0 153 51 50
33 167 0 153 51 50
33 166 0 153 51 50
33 165 0 153 51 50
33 164 0 153 51 50
33 163 0 153 51 50
34 163 0 153 51 50
34 162 0 153 51 50
34 160 0 153 51 50
34 159 0 153 51 50
35 158 0 153 51 50
35 157 0 153 51 50
35 156 0 153 51 50
36 156 0 153 51 50
36 154 0 153 51 50
36 153 0 153 51 50
36 152 0 153 51 50
36 151 0 153 51 50
36 150 0 153 51 50
36 148 0 153 51 50
36 147 0 153 51 50
36 146 0 153 51 50
36 144 0 153 51 50
37 142 0 153 51 50
37 140 0 153 51 50
37 139 0 153 51 50
37 138 0 153 51 50
37 137 0 153 51 50
38 136 0 153 51 50
38 135 0 153 51 50
38 134 0 153 51 50
38 133 0 153 51 50
38 132 0 153 51 50
39 132 0 153 51 50
39 131 0 153 51 50
39 130 0 153 51 50
40 130 0 153 51 50
40 129 0 153 51 50
41 128 0 153 51 50
42 128 0 153 51 50
42 127 0 153 51 50
43 127 0 153 51 50
44 127 0 153 51 50
45 126 0 153 51 50
46 126 0 153 51 50
47 126 0 153 51 50
49 126 0 153 51 50
51 126 0 153 51 50
53 126 0 153 51 50
56 126 0 153 51 50
57 126 0 153 51 50
59 126 0 153 51 50
60 126 0 153 51 50
60 127 0 153 51 50
61 128 0 153 51 50
61 129 0 153 51 50
62 130 0 153 51 50
62 131 0 153 51 50
62 132 0 153 51 50
63 134 0 153 51 50
63 137 0 153 51 50
63 140 0 153 51 50
64 143 0 153 51 50
64 146 0 153 51 50
64 148 0 153 51 50
65 151 0 153 51 50
65 155 0 153 51 50
65 158 0 153 51 50
65 161 0 153 51 50
65 164 0 153 51 50
65 167 0 153 51 50
66 171 0 153 51 50
66 175 0 153 51 50
66 179 0 153 51 50
67 184 0 153 51 50
67 188 0 153 51 50
67 192 0 153 51 50
67 195 0 153 51 50
67 197 0 153 51 50
67 199 0 153 51 50
67 201 0 153 51 50
68 204 0 153 51 50
69 205 0 153 51 50
69 207 0 153 51 50
70 209 0 153 51 50
70 211 0 153 51 50
70 212 0 153 51 50
70 213 0 153 51 50
71 215 0 153 51 50
72 216 0 153 51 50
72 217 0 153 51 50
73 217 0 153 51 50
73 218 0 153 51 50
74 218 0 153 51 50
74 219 0 153 51 50
76 219 0 153 51 50
77 220 0 153 51 50
79 221 0 153 51 50
81 221 0 153 51 50
83 223 0 153 51 50
85 224 0 153 51 50
89 226 0 153 51 50
91 228 0 153 51 50
92 228 0 153 51 50
93 228 0 153 51 50
94 229 0 153 51 50
95 229 0 153 51 50
96 229 0 153 51 50
97 229 0 153 51 50
98 229 0 153 51 50
99 229 0 153 51 50
101 229 0 153 51 50
102 229 0 153 51 50
104 227 0 153 51 50
106 226 0 153 51 50
108 225 0 153 51 50
109 223 0 153 51 50
111 222 0 153 51 50
112 221 0 153 51 50
114 219 0 153 51 50
115 218 0 153 51 50
116 216 0 153 51 50
119 213 0 153 51 50
120 211 0 153 51 50
123 209 0 153 51 50
124 206 0 153 51 50
127 204 0 153 51 50
131 201 0 153 51 50
133 199 0 153 51 50
135 197 0 153 51 50
138 194 0 153 51 50
139 194 0 153 51 50
140 193 0 153 51 50
142 192 0 153 51 50
143 191 0 153 51 50
144 191 0 153 51 50
145 191 0 153 51 50
147 192 0 153 51 50
150 192 0 153 51 50
153 194 0 153 51 50
158 198 0 153 51 50
162 200 0 153 51 50
167 201 0 153 51 50
170 202 0 153 51 50
172 204 0 153 51 50
175 205 0 153 51 50
177 206 0 153 51 50
177 207 0 153 51 50
178 207 0 153 51 50
178 208 0 153 51 50
179 208 0 153 51 50
180 208 0 153 51 50
180 207 0 153 51 50
182 206 0 153 51 50
183 204 0 153 51 50
185 201 0 153 51 50
187 199 0 153 51 50
188 197 0 153 51 50
191 194 0 153 51 50
193 190 0 153 51 50
194 187 0 153 51 50
195 185 0 153 51 50
196 182 0 153 51 50
196 180 0 153 51 50
196 179 0 153 51 50
196 178 0 153 51 50
194 179 0 153 51 50
193 179 0 153 51 50
189 181 0 153 51 50
187 182 0 153 51 50
185 183 0 153 51 50
181 184 0 153 51 50
176 185 0 153 51 50
173 186 0 153 51 50
170 187 0 153 51 50
167 187 0 153 51 50
166 188 0 153 51 50
164 188 0 153 51 50
161 189 0 153 51 50
158 189 0 153 51 50
156 189 0 153 51 50
153 189 0 153 51 50
151 189 0 153 51 50
147 189 0 153 51 50
143 189 0 153 51 50
138 189 0 153 51 50
132 189 0 153 51 50
127 189 0 153 51 50
122 189 0 153 51 50
119 188 0 153 51 50
116 187 0 153 51 50
115 186 0 153 51 50
113 186 0 153 51 50
113 185 0 153 51 50
112 185 0 153 51 50
111 183 0 153 51 50
111 182 0 153 51 50
111 180 0 153 51 50
111 178 0 153 51 50
111 176 0 153 51 50
111 174 0 153 51 50
113 171 0 153 51 50
115 169 0 153 51 50
119 167 0 153 51 50
121 167 0 153 51 50
125 166 0 153 51 50
128 166 0 153 51 50
131 166 0 153 51 50
135 166 0 153 51 50
139 168 0 153 51 50
145 171 0 153 51 50
151 173 0 153 51 50
156 175 0 153 51 50
159 177 0 153 51 50
161 178 0 153 51 50
164 179 0 153 51 50
165 180 0 153 51 50
167 181 0 153 51 50
169 181 0 153 51 50
171 181 0 153 51 50
174 181 0 153 51 50
177 181 0 153 51 50
179 179 0 153 51 50
181 179 0 153 51 50
182 177 0 153 51 50
183 177 0 153 51 50
184 175 0 153 51 50
184 174 0 153 51 50
185 172 0 153 51 50
185 170 0 153 51 50
186 168 0 153 51 50
186 166 0 153 51 50
186 163 0 153 51 50
186 161 0 153 51 50
186 159 0 153 51 50
186 157 0 153 51 50
186 156 0 153 51 50
185 155 0 153 51 50
185 153 0 153 51 50
185 152 0 153 51 50
184 152 0 153 51 50
184 151 0 153 51 50
184 150 0 153 51 50
183 148 0 153 51 50
182 147 0 153 51 50
182 146 0 153 51 50
182 144 0 153 51 50
181 143 0 153 51 50
180 142 0 153 51 50
179 140 0 153 51 50
177 139 0 153 51 50
176 137 0 153 51 50
174 136 0 153 51 50
171 134 0 153 51 50
169 132 0 153 51 50
167 131 0 153 51 50
165 131 0 153 51 50
163 130 0 153 51 50
161 129 0 153 51 50
160 129 0 153 51 50
158 129 0 153 51 50
156 128 0 153 51 50
155 128 0 153 51 50
153 127 0 153 51 50
152 127 0 153 51 50
150 127 0 153 51 50
148 126 0 153 51 50
147 126 0 153 51 50
146 126 0 153 51 50
145 126 0 153 51 50
144 126 0 153 51 50
143 126 0 153 51 50
142 126 0 153 51 50
142 127 0 153 51 50
141 127 0 153 51 50
139 129 0 153 51 50
138 130 0 153 51 50
136 133 0 153 51 50
135 136 0 153 51 50
134 140 0 153 51 50
133 142 0 153 51 50
132 144 0 153 51 50
132 146 0 153 51 50
132 148 0 153 51 50
132 149 0 153 51 50
132 150 0 153 51 50
132 151 0 153 51 50
132 150 0 153 51 50
133 149 0 153 51 50
133 148 0 153 51 50
134 145 0 153 51 50
134 143 0 153 51 50
135 140 0 153 51 50
135 135 0 153 51 50
135 131 0 153 51 50
135 128 0 153 51 50
135 124 0 153 51 50
134 121 0 153 51 50
133 119 0 153 51 50
132 117 0 153 51 50
131 114 0 153 51 50
129 112 0 153 51 50
128 109 0 153 51 50
126 107 0 153 51 50
125 105 0 153 51 50
124 105 0 153 51 50
123 103 0 153 51 50
122 103 0 153 51 50
120 102 0 153 51 50
119 102 0 153 51 50
117 101 0 153 51 50
116 101 0 153 51 50
113 101 0 153 51 50
110 101 0 153 51 50
107 101 0 153 51 50
104 101 0 153 51 50
100 101 0 153 51 50
95 101 0 153 51 50
91 101 0 153 51 50
88 101 0 153 51 50
86 102 0 153 51 50
85 102 0 153 51 50
83 103 0 153 51 50
82 103 0 153 51 50
81 104 0 153 51 50
80 104 0 153 51 50
80 105 0 153 51 50
79 105 0 153 51 50
77 104 0 153 51 50
73 102 0 153 51 50
69 99 0 153 51 50
63 96 0 153 51 50
57 93 0 153 51 50
51 91 0 153 51 50
45 88 0 153 51 50
40 87 0 153 51 50
33 85 0 153 51 50
29 84 0 153 51 50
27 84 0 153 51 50
25 84 0 153 51 50
24 84 0 153 51 50
23 84 0 153 51 50
22 84 0 153 51 50
20 84 0 153 51 50
19 84 0 153 51 50
17 85 0 153 51 50
15 85 0 153 51 50
14 87 0 153 51 50
13 87 0 153 51 50
13 88 0 153 51 50
12 89 0 153 51 50
11 90 0 153 51 50
10 92 0 153 51 50
10 94 0 153 51 50
9 95 0 153 51 50
9 96 0 153 51 50
9 97 0 153 51 50
9 98 0 153 51 50
9 100 0 153 51 50
9 101 0 153 51 50
9 102 0 153 51 50
11 104 0 153 51 50
14 105 0 153 51 50
17 107 0 153 51 50
23 109 0 153 51 50
32 112 0 153 51 50
40 114 0 153 51 50
51 119 0 153 51 50
60 121 0 153 51 50
71 125 0 153 51 50
80 129 0 153 51 50
86 132 0 153 51 50
88 134 0 153 51 50
90 135 0 153 51 50
90 136 0 153 51 50
90 137 0 153 51 50
90 138 0 153 51 50
91 139 0 153 51 50
91 140 0 153 51 50
92 140 0 153 51 50
92 141 0 153 51 50
92 142 0 153 51 50
93 142 0 153 51 50
93 143 0 153 51 50
94 143 0 153 51 50
94 142 0 153 51 50
94 141 0 153 51 50
94 138 0 153 51 50
93 137 0 153 51 50
92 135 0 153 51 50
89 132 0 153 51 50
87 129 0 153 51 50
84 127 0 153 51 50
80 125 0 153 51 50
78 123 0 153 51 50
75 123 0 153 51 50
73 121 0 153 51 50
71 121 0 153 51 50
69 121 0 153 51 50
67 121 0 153 51 50
65 121 0 153 51 50
62 121 0 153 51 50
59 121 0 153 51 50
55 121 0 153 51 50
52 121 0 153 51 50
50 121 0 153 51 50
47 121 0 153 51 50
46 121 0 153 51 50
45 122 0 153 51 50
43 122 0 153 51 50
42 123 0 153 51 50
41 123 0 153 51 50
40 125 0 153 51 50
38 125 0 153 51 50
37 127 0 153 51 50
36 127 0 153 51 50
35 128 0 153 51 50
34 129 0 153 51 50
33 131 0 153 51 50
32 133 0 153 51 50
30 135 0 153 51 50
29 136 0 153 51 50
28 138 0 153 51 50
27 139 0 153 51 50
26 142 0 153 51 50
24 143 0 153 51 50
23 145 0 153 51 50
22 147 0 153 51 50
21 150 0 153 51 50
21 152 0 153 51 50
20 154 0 153 51 50
19 155 0 153 51 50
19 156 0 153 51 50
19 157 0 153 51 50
18 158 0 153 51 50
18 159 0 153 51 50
18 160 0 153 51 50
17 162 0 153 51 50
17 163 0 153 51 50
17 164 0 153 51 50
16 166 0 153 51 50
16 167 0 153 51 50
16 168 0 153 51 50
16 169 0 153 51 50
16 170 0 153 51 50
16 171 0 153 51 50
16 172 0 153 51 50
16 173 0 153 51 50
15 174 0 153 51 50
14 176 0 153 51 50
14 177 0 153 51 50
14 178 0 153 51 50
13 179 0 153 51 50
12 180 0 153 51 50
12 182 0 153 51 50
10 184 0 153 51 50
10 186 0 153 51 50
8 187 0 153 51 50
7 190 0 153 51 50
6 193 0 153 51 50
4 195 0 153 51 50
4 197 0 153 51 50
3 199 0 153 51 50
2 201 0 153 51 50
1 202 0 153 51 50
1 203 0 153 51 50
1 204 0 153 51 50
1 205 0 153 51 50
1 206 0 153 51 50
1 207 0 153 51 50
1 208 0 153 51 50
1 209 0 153 51 50
1 211 0 153 51 50
3 212 0 153 51 50
4 213 0 153 51 50
5 214 0 153 51 50
5 215 0 153 51 50
7 215 0 153 51 50
7 216 0 153 51 50
8 217 0 153 51 50
10 218 0 153 51 50
10 219 0 153 51 50
12 219 0 153 51 50
12 220 0 153 51 50
13 220 0 153 51 50
14 221 0 153 51 50
15 222 0 153 51 50
16 222 0 153 51 50
16 223 0 153 51 50
18 223 0 153 51 50
19 225 0 153 51 50
20 225 0 153 51 50
22 226 0 153 51 50
24 227 0 153 51 50
25 227 0 153 51 50
26 227 0 153 51 50
28 227 0 153 51 50
28 228 0 153 51 50
29 228 0 153 51 50
30 228 0 153 51 50
32 228 0 153 51 50
33 228 0 153 51 50
34 228 0 153 51 50
36 229 0 153 51 50
37 229 0 153 51 50
38 229 0 153 51 50
39 229 0 153 51 50
40 229 0 153 51 50
42 229 0 153 51 50
43 229 0 153 51 50
45 229 0 153 51 50
46 229 0 153 51 50
47 229 0 153 51 50
48 229 0 153 51 50
49 229 0 153 51 50
50 229 0 153 51 50
51 229 0 153 51 50
52 229 0 153 51 50
53 229 0 153 51 50
54 229 0 153 51 50
55 229 0 153 51 50
57 228 0 153 51 50
58 228 0 153 51 50
60 228 0 153 51 50
61 228 0 153 51 50
63 228 0 153 51 50
64 228 0 153 51 50
65 228 0 153 51 50
66 228 0 153 51 50
68 228 0 153 51 50
70 228 0 153 51 50
70 229 0 153 51 50
71 229 0 153 51 50
71 230 0 153 51 50
72 231 0 153 51 50
72 232 0 153 51 50
73 232 0 153 51 50
74 233 0 153 51 50
75 233 0 153 51 50
76 233 0 153 51 50
77 234 0 153 51 50
79 234 0 153 51 50
80 235 0 153 51 50
81 235 0 153 51 50
82 235 0 153 51 50
84 236 0 153 51 50
86 237 0 153 51 50
87 237 0 153 51 50
88 237 0 153 51 50
88 238 0 153 51 50
89 238 0 153 51 50
90 238 0 153 51 50
90 239 0 153 51 50
91 239 0 153 51 50
92 239 0 153 51 50
93 240 0 153 51 50
94 241 0 153 51 50
95 241 0 153 51 50
96 241 0 153 51 50
98 241 0 153 51 50
99 242 0 153 51 50
100 242 0 153 51 50
101 242 0 153 51 50
102 242 0 153 51 50
105 242 0 153 51 50
106 242 0 153 51 50
108 242 0 153 51 50
109 242 0 153 51 50
110 241 0 153 51 50
111 241 0 153 51 50
112 240 0 153 51 50
113 240 0 153 51 50
114 240 0 153 51 50
115 240 0 153 51 50
116 239 0 153 51 50
117 239 0 153 51 50
119 239 0 153 51 50
120 238 0 153 51 50
121 238 0 153 51 50
121 237 0 153 51 50
122 237 0 153 51 50
122 236 0 153 51 50
123 235 0 153 51 50
123 234 0 153 51 50
124 234 0 153 51 50
124 233 0 153 51 50
125 233 0 153 51 50
125 232 0 153 51 50
126 232 0 153 51 50
126 231 0 153 51 50
127 230 0 153 51 50
128 230 0 153 51 50
128 229 0 153 51 50
129 229 0 153 51 50
129 228 0 153 51 50
130 228 0 153 51 50
131 227 0 153 51 50
132 227 0 153 51 50
133 227 0 153 51 50
135 227 0 153 51 50
137 226 0 153 51 50
138 226 0 153 51 50
140 226 0 153 51 50
141 226 0 153 51 50
142 226 0 153 51 50
143 226 0 153 51 50
144 226 0 153 51 50
145 225 0 153 51 50
147 225 0 153 51 50
148 225 0 153 51 50
149 225 0 153 51 50
151 225 0 153 51 50
153 225 0 153 51 50
154 225 0 153 51 50
156 225 0 153 51 50
157 225 0 153 51 50
158 225 0 153 51 50
